 alout=
       .0,    1.0,   .0,    .0,    .0,
       0.167, 0.333, 0.5,   .0,    .0,
       .0,    0.25,  0.333, 0.416, .0,
       .0,   .0,     0.278, 0.333, .0,
       .0,   .0,     .0,    .0,    1.,
 alin=
       .0,.0,.0,.0,.0,
       .0,.0,.0,.0,.0,
       .0,.0,.0,.0,.0,
       .0,.0,.0,.0,.0,
       .0,.0,.0,.0,.0,       
 aloi=
       .0,.0,.0,.0,.0,
       .0,.0,.0,.0,.0,
       .0,.0,.0,.0,.0,
       .0,.0,.0,.0,0.389,
       .0,.0,.0,.0,.0,
 alio=
       .0,.0,.0,.0,.0,
       .0,.0,.0,.0,.0,
       .0,.0,.0,.0,.0,
       .0,.0,.0,.0,.0,
       .0,.0,.0,1.,.0,
